00000000000111100000000000
00000000000111100000000000
00000000000111100000000000
00000000000111100000000000
00000000000111100000000000
00000000000111100000000000
00000000000111100000000000
00000000000111100000000000
00000000000111100000000000
00000000000111100000000000
00000000000111100000000000
11111111111111111111111111
11111111111000011111111111
11111111111000011111111111
11111111111111111111111111
00000000000111100000000000
00000000000111100000000000
00000000000111100000000000
00000000000111100000000000
00000000000111100000000000
00000000000111100000000000
00000000000111100000000000
00000000000111100000000000
00000000000111100000000000
00000000000111100000000000
00000000000111100000000000